0  109.67211897228114
1  110.56163122329329
2  109.91641203498978
3  135.14008742707557
4  109.06073070030499
5  141.29718388036588
6  207.88904151018596
7  109.97933746400679
8  109.75209174383758
9  635.8860918081037
10  165.2859544930227
11  232.03642361738946
12  404.0367587992846
13  255.5418763569096
14  136.26651395540262
15  111.02730553762103
16  439.79749696584565
17  111.3662105048204
18  109.99861058614329
19  172.9786272881679
20  115.78230320260013
21  219.70223634688546
22  111.81480384153019
23  195.4338770758086
24  219.31149827843433
25  109.07813954893527
26  219.20989819929855
27  109.95519507741983
28  219.30715291238175
29  483.3450082262839
30  109.12202288038816
31  164.74788780720928
32  219.62431878316966
33  109.09279442293882
34  109.76864792306287
35  109.46347978177073
36  109.66542541461922
37  192.52495260693786
38  109.25600341270683
39  380.70522080332967
40  513.077552688625
41  129.32418076666636
42  109.4601219188562
43  210.35869185541378
44  495.6848964951805
45  286.9007285919388
46  336.40623786010383
47  246.96455858105946
48  109.54300988159412
49  480.48352828419047
50  119.85106467284095
51  592.465589699952
52  109.32868085163864
53  429.68798495758074
54  204.77616095487429
55  360.0693892287127
56  222.85199065915185
57  165.71004007724605
58  109.9916181547569
59  283.0888616956263
60  109.17082022357863
61  382.2175524007389
62  513.3426314155859
63  752.5883615950279
64  390.80670723356707
65  484.7116005560447
66  219.08802059958634
67  446.2752692998765
68  109.56455241637832
69  765.9649753564363
70  937.289416750019
71  572.3273371137793
72  162.21906138586473
73  606.6141952710841
74  729.0265682952004
75  311.0793305618954
76  565.2233801921775
77  150.44123464112545
78  135.63868419856863
79  133.6515290662037
80  613.6881355083633
81  109.21998386484029
82  548.059729487446
83  109.629078799735
84  109.41964660268786
85  109.70813877776982
86  109.09002682198297
87  200.35006984905976
88  219.21913835329815
89  109.51040816762634
90  163.42430382831844
91  404.5012151537894
92  394.93242643276153
93  120.93244150841747
94  452.2130403715664
95  699.7591031870297
96  414.4192148653756
97  132.56702852762282
98  865.8010135090399
99  231.27162613734617
100  109.98841181994612
101  467.75793749201694
102  678.4339330018192
103  561.6349728317109
104  578.2870578868406
105  824.6625872788445
106  686.5512728826197
107  719.6053081948157
108  109.03191355264971
109  114.12712094719609
110  771.9749722240958
111  432.3981693510141
112  116.81613349350118
113  144.5153793413956
114  109.41034978106109
115  289.4790954647269
116  109.26313439131627
117  109.13663528464713
118  109.24374365324002
119  109.09312298130135
120  109.13664188953408
121  966.4966953244639
122  109.5442207498636
123  219.7738236209898
124  109.17506781001975
125  109.08926051503659
126  109.16369910658432
127  219.62037552772745
128  219.50410018908588
129  148.97826507277023
130  109.890912800558
131  222.7023521842366
132  408.24212288235503
133  109.29016561098433
134  124.80039216448495
135  109.38072444203317
136  109.13512944882314
137  109.89227290832423
138  109.95541453430269
139  112.31547349074208
140  329.55998912225004
141  114.34077395832355
142  439.6197491939183
143  109.49640673923932
144  109.20905117947223
145  109.8481145019523
146  195.21686985830638
147  143.53450402035742
148  383.8827264459178
149  109.52142328932314
150  168.461286339023
151  156.54113830496135
152  109.29378896358321
153  109.2110115735577
154  109.25784164842298
155  109.26198307660889
156  109.06737252664243
157  109.66451111880451
158  109.9127271661564
159  126.26067001330011
160  209.45288249653095
161  109.80243649240583
162  109.93501958732668
163  109.73875591100295
164  109.75344320018485
165  452.27230861470525
166  109.7380048335981
167  124.09807519479364
168  412.58547076017203
169  248.24849667992748
170  513.86061047154
171  109.27446103727198
172  203.06905533022655
173  178.91130176957813
174  233.88534724279452
175  109.08380929723353
176  109.1590993271493
177  109.83089106110128
178  165.67965410041143
179  109.90939548382812
180  311.84000945640946
181  109.07919338022839
182  219.68655137143287
183  109.30900944035966
184  109.35593873367543
185  109.24871343358973
186  169.09701570735342
187  222.82017737346177
188  200.40467557637385
189  432.06149870753507
190  219.82802547569372
191  346.1467614250869
192  201.57093009329765
193  427.0336561934746
194  109.518197333633
195  109.23015608608694
196  112.05061712028328
197  386.23714775201734
198  248.68787517916644
199  205.13870524423328
200  109.55830014107414
201  109.68482516004951
202  117.59058787206232
203  219.84828964552798
204  109.3633570328384
205  219.64471758932996
206  219.4981265799688
207  109.98741457303913
208  109.52427523369988
209  109.3799349830515
210  109.26195043774715
211  224.21023517317008
212  109.27022221889638
213  154.23441927287422
214  219.3512872845713
215  109.89577512493997
216  109.94144744669393
217  219.48682282750087
218  143.71864687323978
219  116.18944733076205
220  311.4085389632746
221  224.85247266674924
222  273.95599101372864
223  109.96096937435868
224  109.57298570713101
225  109.91545737315755
226  279.6823812843504
227  196.31577270017442
228  109.39547098057301
229  237.1660230430898
230  177.5743701591855
231  545.6289599555384
232  330.7098457221218
233  315.7766178112979
234  312.94307875048617
235  183.25576910434393
236  308.05653578332203
237  241.50335252990408
238  182.02411789645703
239  334.650467321615
240  153.16461730222363
241  203.8117353953021
242  292.14602611267765
243  926.6458904325955
244  365.9241425248256
245  376.0108218043533
246  278.6556535506097
247  109.25259104497673
248  411.0002890199721
249  919.7064103094308
250  714.6265428135957
251  286.22036872492026
252  781.4632350627508
253  326.10338144462366
254  481.6727482316019
255  521.3413834827188
256  216.6824221746283
257  543.9839449620122
258  1053.2538090472008
259  109.61141640575079
260  568.6655156412053
261  118.85580513342211
262  170.3508827940168
263  1077.5280598663776
264  311.3053876793747
265  355.9625232833423
266  836.8636737740635
267  139.6998983896774
268  220.88424014612247
269  157.0618812383036
270  202.18952785574947
271  584.0455924490743
272  109.7374495842887
273  109.94371524428061
274  109.01688031825688
275  204.45805242930874
276  109.74071057155743
277  147.9882033542708
278  109.91978143050801
279  109.46712507242046
280  109.43768250599533
281  109.27644553747814
282  109.40049394027665
283  109.21440676577186
284  277.155793165668
285  109.41910095338972
286  200.4414109331883
287  109.9195784420117
288  281.5226038819419
289  109.08684781250122
290  199.64102369100874
291  204.6566297870486
292  191.51179367378427
293  368.91376856055285
294  109.70669449608613
295  124.44296410718744
296  109.85760238776493
297  147.11837035022836
298  133.46409124486308
299  348.33725613349816
300  113.67289677971348
301  159.4868951665121
302  198.41210926447093
303  309.25137773637107
304  109.40230213355608
305  240.77407205556665
306  177.76381684002263
307  247.0885016144748
308  109.33588031652835
309  430.2216548433935
310  664.825375339431
311  109.06907805828087
312  286.54501006978535
313  351.6237670705741
314  109.8633089992145
315  109.11619347674423
316  805.9670916068208
317  109.57376568477048
318  195.3371389003296
319  354.2726730167851
320  109.7448361536517
321  188.41152833136584
322  285.2851737105302
323  219.74331283321953
324  191.1012258116025
325  219.4609666659453
326  284.68806390685495
327  109.3955091529715
328  219.87081577506615
329  177.9074593825353
330  193.76664698062814
331  386.65706282819883
332  129.70992669202678
333  424.6796907044336
334  221.40478429026552
335  779.567052524435
336  319.81981810999423
337  528.7983429216983
338  498.4824520855036
339  109.78625544496026
340  219.3751593711204
341  130.81576990388567
342  188.4238450425837
343  153.83110916970327
344  109.70334036595887
345  164.75774785065732
346  109.58319135579222
347  109.8462673416434
348  110.66890809053439
349  719.6586059999026
350  317.84835413301334
351  109.12926610428985
352  504.04626826600725
353  109.74263184201118
354  191.39547043773928
355  114.62386031366623
356  109.71225896984106
357  196.51167347723094
358  976.9293459623586
359  329.0717219033395
360  109.1581509483658
361  162.9574243975585
362  257.4451363301123
363  109.75615576064592
364  666.8259268536276
365  109.11345873912796
366  418.2954270868504
367  109.11830977622594
368  109.04741984845168
369  109.6924310411705
370  109.79792170618748
371  345.44386366024264
372  258.9514132931654
373  109.35379626150825
374  207.94284158018854
375  639.1012308409336
376  496.2349629649834
377  126.04605668380827
378  602.1380298117583
379  144.62918567283486
380  109.60482226504973
381  109.5525273063904
382  112.10380462104513
383  109.84489032721467
384  221.511860358587
385  184.11928379793972
386  109.19615722506569
387  109.13105470394657
388  219.34673576620844
389  109.98117126096622
390  114.44687890273781
391  313.34409222228714
392  109.95809213100438
393  113.18671404300403
394  432.682526568271
395  109.12631016856903
396  138.17189615434472
397  109.63171139996848
398  219.72591615631973
399  109.58860731078312
400  109.63619837870647
401  109.38458060802077
402  221.84919345412345
403  223.42625294164463
404  109.37403089311556
405  210.16997675558378
406  109.13491329351382
407  438.39003335200687
408  109.50090735024423
409  374.7828154739109
410  280.70238377994974
411  109.43643168146082
412  219.43484281092242
413  302.50143473560456
414  219.65078840680508
415  180.29797143285396
416  367.653120988507
417  385.920839802071
418  465.7143241326921
419  204.20241048801836
420  341.05652949385694
421  354.2212004506
422  109.14166340943484
423  698.1782479217145
424  109.94158259240066
425  323.841599678839
426  109.75000517014996
427  329.5498165869212
428  109.82020158028172
429  109.30864971294795
430  140.49085203458526
431  109.80852330546622
432  112.41158137805905
433  186.31510610171244
434  109.64694628922734
435  211.75683223158558
436  565.876516269127
437  109.15013120682124
438  109.71091438730218
439  109.0284064478692
440  168.98392798287387
441  109.03987408130342
442  117.8456622903177
443  207.0955169420049
444  183.32609869183216
445  490.2294656041922
446  226.17848358889023
447  1650.123668997876
448  109.57022712915204
449  364.9952285119216
450  109.80566524239111
451  167.77718096238095
452  354.295502566747
453  109.11640014105069
454  109.75977616068121
455  197.68727067751752
456  229.86229490201367
457  161.57813949829142
458  292.1203779749121
459  329.33681240072474
460  219.8870244357604
461  279.6947448696519
462  297.25195208799414
463  489.69339561297966
464  124.88477034986136
465  254.2483716987481
466  109.77293335330614
467  134.40083160206268
468  329.14180824929645
469  212.47185383050237
470  111.09828111695242
471  412.57138903941086
472  168.88549201822752
473  109.18915246953111
474  319.209527632127
475  109.0283321475581
476  543.5377133374714
477  498.53695863994653
478  109.08893474279466
479  694.3775855068889
480  424.75085969278734
481  501.3445991851477
482  290.8427459528757
483  109.9715499610902
484  248.5488917151015
485  342.8405233046724
486  164.2276150592079
487  140.36421539515868
488  179.4427678076754
489  293.75661152046086
490  358.5296934021171
491  514.9434388965092
492  109.09576248961093
493  346.2944234442184
494  134.57004793795204
495  109.72531846722268
496  109.74962586347101
497  112.73047152995423
498  220.7167287803968
499  114.41891083405062
500  109.69414274075825
501  308.98010682593303
502  329.55300069881923
503  109.83098205728311
504  219.71775791720574
505  293.3249908980288
506  119.75985312862758
507  118.72228699214611
508  310.36069054240943
509  109.25781191235728
510  542.6060493195982
511  109.38392807455239
512  219.5086125535163
513  119.10022531701543
514  174.1540953261283
515  156.3051949809378
516  424.0198258825476
517  289.61465294608206
518  109.89835633426264
519  155.10371928934183
520  356.46748273225967
521  219.49354953545117
522  109.3297786043695
523  109.7801387624786
524  130.3124734767116
525  374.44372444948385
526  599.3727362948703
527  460.28150682142586
528  233.14030287848436
529  114.01627747992461
530  211.78346909197717
531  109.8405161685223
532  109.64312901040103
533  149.29732822690858
534  109.13030506685755
535  145.57029809160304
536  413.1655015295473
537  279.03886375912407
538  124.06473126638593
539  109.23872017258691
540  174.10908709644718
541  109.08233760341682
542  262.44416799569444
543  311.4383322938811
544  266.9583739400259
545  386.19009361896315
546  293.47002522270486
547  320.6565218040341
548  110.74894221530121
549  109.5771545489406
550  372.4634201343724
551  119.36104825360962
552  329.3737688192414
553  109.80373574327677
554  109.17650800117553
555  109.92035247775493
556  109.72579576075077
557  109.0726539699026
558  109.31952949094557
559  109.59310506123438
560  109.29329449209035
561  123.60195993188972
562  219.88033084938797
563  197.6608571496181
564  278.5238423517658
565  219.11636780439585
566  111.89942121229251
567  329.99489441169135
568  486.2732175140991
569  171.85138874427503
570  109.37313422364241
571  109.77373173726664
572  114.27773049764801
573  219.3128109593672
574  173.53931802665466
575  109.5352596455632
576  479.7512781241385
577  109.00228364271607
578  109.4888220234061
579  208.6762904311836
580  219.6027780410659
581  146.3023123553503
582  219.52351161450497
583  148.52271868734533
584  109.60668710596656
585  166.0255646420701
586  112.67943033803022
587  219.91446506262582
588  109.67237110563292
589  116.19467849344801
590  152.90049226862902
591  109.7570653385992
592  328.10796089004
593  109.14060797505226
594  114.27665707436245
595  219.33594266657747
596  109.32839192596293
597  176.56663765550184
598  261.63536758702685
599  109.28352867798094
600  113.01476457760145
601  263.0612785258563
602  163.77398931210337
603  240.7303746940015
604  345.4196000665761
605  742.7226056476065
606  440.5114580895024
607  212.67975573643344
608  168.97372603192343
609  696.2148743258076
610  350.77103301465104
611  128.02973419435875
612  249.42526392381114
613  227.0602478396395
614  109.71592054716893
615  982.6951043734152
616  219.92371180558985
617  356.4752612696684
618  136.39332594352163
619  109.88485050451709
620  163.4726492454938
621  348.9602697719092
622  379.0953815231478
623  109.06655685375154
624  172.8954922271223
625  109.21942186859087
626  168.37647748485324
627  175.40562200125714
628  366.3859120487905
629  111.3660447680013
630  261.35449948589667
631  715.2674639661855
632  109.78678536885127
633  292.8310982199182
634  109.89357084718358
635  306.391749681221
636  219.3367531233671
637  193.11003086600977
638  118.28982003869896
639  265.1783284123667
640  113.35672282344603
641  130.33778734432417
642  130.94846981062437
643  613.9149077604234
644  219.93132888601394
645  410.9843414195784
646  109.48931198354694
647  179.78369303302316
648  238.56332650381955
649  298.37687756173545
650  219.7637839109375
651  112.8683301948331
652  189.21301243298512
653  109.47381607205898
654  109.50280156977533
655  208.20002290885895
656  109.00415805880039
657  226.55969910997374
658  268.7038115638279
659  213.73473710294638
660  423.29872372678074
661  109.18455387634458
662  163.46699691266986
663  109.86158437679114
664  109.21081005530141
665  109.66637254100351
666  109.80872019365779
667  109.30775047483621
668  117.87037349442835
669  219.1296188164124
670  190.46162590401946
671  227.49701282812748
672  383.93886821625347
673  109.56898803448712
674  109.1042169452121
675  471.3367820094718
676  109.34101100645785
677  109.98851212194131
678  109.33771696829353
679  109.82124686744646
680  109.38958759883826
681  306.7415615847858
682  185.42121617810335
683  329.8561938605126
684  225.64462916497723
685  192.4096454091923
686  109.73867887041706
687  109.01906576448528
688  163.2338861450553
689  109.94822075347474
690  219.95351609382487
691  109.70401220257918
692  109.73839230039448
693  199.67594603916223
694  229.76568453523214
695  152.52905126429687
696  199.3813355781167
697  109.92333121319825
698  190.73705526659614
699  109.52090970957943
700  109.82785169845738
701  223.89261805146816
702  109.01629715785384
703  109.65420378475392
704  109.04762675848906
705  164.69130734697683
706  186.4198296728282
707  219.4519329725881
708  140.42585364062688
709  109.56210834132798
710  439.4026978798938
711  109.49281885489472
712  109.54022510489449
713  176.2881566786964
714  109.7841038438637
715  109.42961138540704
716  109.82616470285575
717  202.20884167931217
718  109.12625021202257
719  109.45393031123967
720  245.27972388401395
721  394.9577464431495
722  109.8931144833623
723  147.75635944487294
724  247.62391912992462
725  219.4277995517914
726  397.2316395680682
727  290.1010622399481
728  200.2322943645995
729  461.4847864243202
730  109.12031412447686
731  632.8862481668475
732  636.445865401256
733  222.5112828821293
734  351.3275740942481
735  252.95250550488709
736  158.04013678920455
737  151.88492259735358
738  109.53421350593271
739  458.6120364262606
740  223.61306175854406
741  109.6478752008843
742  500.3029212906549
743  172.0587308145914
744  361.60896421702637
745  125.4083177408611
746  303.8103513674141
747  322.2098226096714
748  109.2977496664389
749  1080.096351026761
750  125.32362476272101
751  109.09005321990116
752  171.40766105303192
753  152.42673785952502
754  357.8911837908672
755  109.08896070951596
756  109.12792503442324
757  219.8660682628106
758  123.43629267676442
759  159.32604180657654
760  335.2203104103537
761  176.49203841772396
762  109.12145088097895
763  109.170939940057
764  230.45023654581746
765  112.35804843256483
766  239.82714869505435
767  311.2983540640853
768  291.55402483962825
769  109.20420864320477
770  109.25696256212541
771  109.65576846817567
772  109.73468451031658
773  109.19994549651165
774  109.82079598878045
775  109.58703792533197
776  356.90368060869514
777  421.81735481006035
778  109.60254035539401
779  109.71735589312448
780  109.68314758817723
781  109.23534907680005
782  109.36931293961243
783  109.33025121479295
784  109.5784817070089
785  120.1611585142673
786  198.35168042228906
787  144.16016692496487
788  617.2508952530916
789  386.1807013088546
790  109.95577756562852
791  111.71523048849485
792  645.1686479749333
793  712.7013204122923
794  405.8908566644968
795  109.25713722257933
796  109.64438792396686
797  260.04658746109635
798  295.0443006970163
799  183.93339726027625
800  227.05188486921543
801  250.72197381264414
802  329.36333946585364
803  219.55108183163975
804  219.63326417114877
805  109.21012078291096
806  109.89653219854517
807  568.4025671670679
808  210.71082539724011
809  189.7862276129017
810  183.89693278064078
811  219.3319839065225
812  346.021890082091
813  519.1039375062392
814  109.68209173233481
815  777.0360055789643
816  125.68816915465868
817  109.75782180753595
818  109.14722308244382
819  334.6958079185424
820  203.6318119388161
821  358.7661463206314
822  114.43895166330913
823  307.6726676900871
824  1377.505715169158
825  1449.0697755304718
826  109.28680044233624
827  293.16301375525654
828  204.96245939043
829  109.47430722176796
830  109.66194035664375
831  109.5250926555018
832  198.31194526252511
833  314.0022692308703
834  263.05847308572265
835  119.69773529688246
836  109.9002217263187
837  109.90970218273287
838  109.8333028680936
839  109.83597934698628
840  109.40561053465353
841  109.11070867572562
842  183.39948013045068
843  240.08342220842314
844  109.25278305549
845  109.29099034285173
846  136.76508756371913
847  337.6726287510537
848  148.82047452770348
849  109.29400541252107
850  322.2014962959365
851  109.37132061686134
852  109.01307122407889
853  653.0392848032061
854  219.08953872765414
855  109.3257213688048
856  109.41352665176964
857  149.51571190734103
858  227.36264366436808
859  717.827314552007
860  182.2254668668902
861  277.5072916003992
862  426.24557743516925
863  624.2500612222648
864  109.54830428160494
865  219.12571836313873
866  320.0234678255947
867  400.9059083164466
868  109.52965606506041
869  109.75607308429608
870  826.0696202861291
871  195.3178423274221
872  315.24914965440985
873  374.7830361028755
874  170.52517489636375
875  172.7624126899318
876  109.33739205088932
877  109.7602103400277
878  109.78003722064022
879  253.7359335374058
880  219.39776290599548
881  139.0583329446381
882  350.81326940808503
883  208.48608521131973
884  158.7130251651106
885  109.36360930743103
886  109.47033620737784
887  152.18572295802005
888  109.77341489779064
889  109.45421332186379
890  119.48623877443606
891  193.68919090885902
892  109.76296079996973
893  130.56659221817972
894  210.80011987593025
895  232.10581017675577
896  124.59214765652723
897  142.36156837898307
898  109.53430593512894
899  173.1625584030844
900  219.46873792346742
901  194.12310667696875
902  219.77748724413686
903  134.9824043077242
904  109.72728728011134
905  185.68951151795045
906  109.55655836347432
907  150.65754985551757
908  197.67826673365198
909  421.7571428920637
910  378.8146866099414
911  347.74812086945167
912  215.17227597961028
913  237.1521365546214
914  552.1659139736585
915  250.53618493200338
916  246.79122050426668
917  252.54544992532465
918  144.41129539109534
919  137.54634091550543
920  109.62770656023349
921  109.69341518903093
922  144.03182386451226
923  219.30066962505225
924  109.65341997715586
925  112.36342375718232
926  143.82706530186988
927  198.93347239143623
928  329.53795962901495
929  118.53513024674612
930  238.41215002270474
931  109.65496031331713
932  109.96435832681891
933  174.6654648630065
934  474.40064468623314
935  109.40035665193864
936  109.84732812494622
937  235.19920012520743
938  120.28685373380722
939  219.67042398072954
940  109.84488037340634
941  231.9005427123193
942  253.4845137814409
943  226.5611078303773
944  109.15011015515483
945  427.3125334214419
946  453.36444522567035
947  465.5544540221599
948  109.84112041982007
949  133.24378068587976
950  109.4112110370479
951  192.70042769721476
952  223.80592844160856
953  333.67931081622373
954  119.64627053812728
955  144.25018841194105
956  109.15281072123616
957  252.7067725676461
958  231.53832414234057
959  109.21643974316248
960  109.5344067455444
961  109.74759731949598
962  109.08410166861722
963  668.3516820970108
