470  111.09828111695242
472  168.88549201822752
473  109.18915246953111
474  319.209527632127
475  109.0283321475581
477  498.53695863994653
478  109.08893474279466
479  694.3775855068889
480  424.75085969278734
481  501.3445991851477
482  290.8427459528757
483  109.9715499610902
484  248.5488917151015
485  342.8405233046724
486  164.2276150592079
487  140.36421539515868
488  179.4427678076754
489  293.75661152046086
490  358.5296934021171
491  514.9434388965092
492  109.09576248961093
493  346.2944234442184
494  134.57004793795204
495  109.72531846722268
496  109.74962586347101
497  112.73047152995423
498  220.7167287803968
499  114.41891083405062
500  109.69414274075825
501  308.98010682593303
502  329.55300069881923
503  109.83098205728311
504  219.71775791720574
505  293.3249908980288
506  119.75985312862758
507  118.72228699214611
508  310.36069054240943
509  109.25781191235728
510  542.6060493195982
511  109.38392807455239
512  219.5086125535163
513  119.10022531701543
514  174.1540953261283
515  156.3051949809378
516  424.0198258825476
517  289.61465294608206
518  109.89835633426264
519  155.10371928934183
520  356.46748273225967
521  219.49354953545117
522  109.3297786043695
523  109.7801387624786
524  130.3124734767116
525  374.44372444948385
526  599.3727362948703
527  460.28150682142586
528  233.14030287848436
529  114.01627747992461
530  211.78346909197717
531  109.8405161685223
532  109.64312901040103
533  149.29732822690858
534  109.13030506685755
535  145.57029809160304
536  413.1655015295473
537  279.03886375912407
538  124.06473126638593
539  109.23872017258691
540  174.10908709644718
541  109.08233760341682
542  262.44416799569444
543  311.4383322938811
544  266.9583739400259
545  386.19009361896315
546  293.47002522270486
547  320.6565218040341
548  110.74894221530121
549  109.5771545489406
550  372.4634201343724
551  119.36104825360962
552  329.3737688192414
553  109.80373574327677
554  109.17650800117553
555  109.92035247775493
556  109.72579576075077
557  109.0726539699026
558  109.31952949094557
559  109.59310506123438
560  109.29329449209035
561  123.60195993188972
562  219.88033084938797
563  197.6608571496181
564  278.5238423517658
565  219.11636780439585
566  111.89942121229251
567  329.99489441169135
568  486.2732175140991
569  171.85138874427503
570  109.37313422364241
571  109.77373173726664
572  114.27773049764801
573  219.3128109593672
574  173.53931802665466
575  109.5352596455632
576  479.7512781241385
577  109.00228364271607
578  109.4888220234061
579  208.6762904311836
580  219.6027780410659
581  146.3023123553503
582  219.52351161450497
583  148.52271868734533
584  109.60668710596656
585  166.0255646420701
586  112.67943033803022
587  219.91446506262582
588  109.67237110563292
589  116.19467849344801
590  152.90049226862902
591  109.7570653385992
592  328.10796089004
593  109.14060797505226
594  114.27665707436245
595  219.33594266657747
596  109.32839192596293
597  176.56663765550184
598  261.63536758702685
599  109.28352867798094
600  113.01476457760145
601  263.0612785258563
602  163.77398931210337
603  240.7303746940015
604  345.4196000665761
605  742.7226056476065
606  440.5114580895024
607  212.67975573643344
608  168.97372603192343
609  696.2148743258076
610  350.77103301465104
611  128.02973419435875
612  249.42526392381114
613  227.0602478396395
614  109.71592054716893
615  982.6951043734152
616  219.92371180558985
617  356.4752612696684
618  136.39332594352163
619  109.88485050451709
620  163.4726492454938
621  348.9602697719092
622  379.0953815231478
623  109.06655685375154
624  172.8954922271223
625  109.21942186859087
626  168.37647748485324
627  175.40562200125714
628  366.3859120487905
629  111.3660447680013
630  261.35449948589667
631  715.2674639661855
632  109.78678536885127
633  292.8310982199182
634  109.89357084718358
635  306.391749681221
636  219.3367531233671
637  193.11003086600977
638  118.28982003869896
639  265.1783284123667
640  113.35672282344603
641  130.33778734432417
642  130.94846981062437
643  613.9149077604234
644  219.93132888601394
645  410.9843414195784
646  109.48931198354694
647  179.78369303302316
648  238.56332650381955
649  298.37687756173545
650  219.7637839109375
651  112.8683301948331
652  189.21301243298512
653  109.47381607205898
654  109.50280156977533
655  208.20002290885895
656  109.00415805880039
657  226.55969910997374
658  268.7038115638279
659  213.73473710294638
660  423.29872372678074
661  109.18455387634458
662  163.46699691266986
663  109.86158437679114
664  109.21081005530141
665  109.66637254100351
666  109.80872019365779
667  109.30775047483621
668  117.87037349442835
669  219.1296188164124
670  190.46162590401946
671  227.49701282812748
672  383.93886821625347
673  109.56898803448712
674  109.1042169452121
675  471.3367820094718
676  109.34101100645785
677  109.98851212194131
678  109.33771696829353
679  109.82124686744646
680  109.38958759883826
681  306.7415615847858
682  185.42121617810335
683  329.8561938605126
684  225.64462916497723
685  192.4096454091923
686  109.73867887041706
687  109.01906576448528
688  163.2338861450553
689  109.94822075347474
690  219.95351609382487
691  109.70401220257918
692  109.73839230039448
693  199.67594603916223
694  229.76568453523214
695  152.52905126429687
696  199.3813355781167
697  109.92333121319825
698  190.73705526659614
699  109.52090970957943
700  109.82785169845738
701  223.89261805146816
702  109.01629715785384
703  109.65420378475392
704  109.04762675848906
705  164.69130734697683
706  186.4198296728282
707  219.4519329725881
708  140.42585364062688
709  109.56210834132798
710  439.4026978798938
711  109.49281885489472
712  109.54022510489449
713  176.2881566786964
714  109.7841038438637
715  109.42961138540704
716  109.82616470285575
717  202.20884167931217
718  109.12625021202257
719  109.45393031123967
720  245.27972388401395
721  394.9577464431495
722  109.8931144833623
723  147.75635944487294
724  247.62391912992462
725  219.4277995517914
726  397.2316395680682
727  290.1010622399481
728  200.2322943645995
729  461.4847864243202
730  109.12031412447686
731  632.8862481668475
732  636.445865401256
733  222.5112828821293
734  351.3275740942481
735  252.95250550488709
736  158.04013678920455
737  151.88492259735358
738  109.53421350593271
739  458.6120364262606
740  223.61306175854406
741  109.6478752008843
742  500.3029212906549
743  172.0587308145914
744  361.60896421702637
745  125.4083177408611
746  303.8103513674141
747  322.2098226096714
748  109.2977496664389
749  1080.096351026761
750  125.32362476272101
751  109.09005321990116
752  171.40766105303192
753  152.42673785952502
754  357.8911837908672
755  109.08896070951596
756  109.12792503442324
757  219.8660682628106
758  123.43629267676442
759  159.32604180657654
760  335.2203104103537
761  176.49203841772396
762  109.12145088097895
763  109.170939940057
764  230.45023654581746
765  112.35804843256483
766  239.82714869505435
767  311.2983540640853
768  291.55402483962825
769  109.20420864320477
770  109.25696256212541
771  109.65576846817567
772  109.73468451031658
773  109.19994549651165
774  109.82079598878045
775  109.58703792533197
776  356.90368060869514
777  421.81735481006035
778  109.60254035539401
779  109.71735589312448
780  109.68314758817723
781  109.23534907680005
782  109.36931293961243
783  109.33025121479295
784  109.5784817070089
785  120.1611585142673
786  198.35168042228906
787  144.16016692496487
788  617.2508952530916
789  386.1807013088546
790  109.95577756562852
791  111.71523048849485
792  645.1686479749333
793  712.7013204122923
794  405.8908566644968
795  109.25713722257933
796  109.64438792396686
797  260.04658746109635
798  295.0443006970163
799  183.93339726027625
800  227.05188486921543
801  250.72197381264414
802  329.36333946585364
803  219.55108183163975
804  219.63326417114877
805  109.21012078291096
806  109.89653219854517
807  568.4025671670679
808  210.71082539724011
809  189.7862276129017
810  183.89693278064078
811  219.3319839065225
812  346.021890082091
813  519.1039375062392
814  109.68209173233481
815  777.0360055789643
816  125.68816915465868
817  109.75782180753595
818  109.14722308244382
819  334.6958079185424
820  203.6318119388161
821  358.7661463206314
822  114.43895166330913
823  307.6726676900871
824  1377.505715169158
825  1449.0697755304718
826  109.28680044233624
827  293.16301375525654
828  204.96245939043
829  109.47430722176796
830  109.66194035664375
831  109.5250926555018
832  198.31194526252511
833  314.0022692308703
834  263.05847308572265
835  119.69773529688246
836  109.9002217263187
837  109.90970218273287
838  109.8333028680936
839  109.83597934698628
840  109.40561053465353
841  109.11070867572562
842  183.39948013045068
843  240.08342220842314
844  109.25278305549
845  109.29099034285173
846  136.76508756371913
847  337.6726287510537
848  148.82047452770348
849  109.29400541252107
850  322.2014962959365
851  109.37132061686134
852  109.01307122407889
853  653.0392848032061
854  219.08953872765414
855  109.3257213688048
856  109.41352665176964
857  149.51571190734103
858  227.36264366436808
859  717.827314552007
860  182.2254668668902
861  277.5072916003992
862  426.24557743516925
863  624.2500612222648
864  109.54830428160494
865  219.12571836313873
866  320.0234678255947
867  400.9059083164466
868  109.52965606506041
869  109.75607308429608
870  826.0696202861291
871  195.3178423274221
872  315.24914965440985
873  374.7830361028755
874  170.52517489636375
875  172.7624126899318
876  109.33739205088932
877  109.7602103400277
878  109.78003722064022
879  253.7359335374058
880  219.39776290599548
881  139.0583329446381
882  350.81326940808503
883  208.48608521131973
884  158.7130251651106
885  109.36360930743103
886  109.47033620737784
887  152.18572295802005
888  109.77341489779064
889  109.45421332186379
890  119.48623877443606
891  193.68919090885902
892  109.76296079996973
893  130.56659221817972
894  210.80011987593025
895  232.10581017675577
896  124.59214765652723
897  142.36156837898307
898  109.53430593512894
899  173.1625584030844
900  219.46873792346742
901  194.12310667696875
902  219.77748724413686
903  134.9824043077242
904  109.72728728011134
905  185.68951151795045
906  109.55655836347432
907  150.65754985551757
908  197.67826673365198
909  421.7571428920637
910  378.8146866099414
911  347.74812086945167
912  215.17227597961028
913  237.1521365546214
914  552.1659139736585
915  250.53618493200338
916  246.79122050426668
917  252.54544992532465
918  144.41129539109534
919  137.54634091550543
920  109.62770656023349
921  109.69341518903093
922  144.03182386451226
923  219.30066962505225
924  109.65341997715586
925  112.36342375718232
926  143.82706530186988
927  198.93347239143623
928  329.53795962901495
929  118.53513024674612
930  238.41215002270474
931  109.65496031331713
932  109.96435832681891
933  174.6654648630065
934  474.40064468623314
935  109.40035665193864
936  109.84732812494622
937  235.19920012520743
938  120.28685373380722
939  219.67042398072954
940  109.84488037340634
941  231.9005427123193
942  253.4845137814409
943  226.5611078303773
944  109.15011015515483
945  427.3125334214419
946  453.36444522567035
947  465.5544540221599
948  109.84112041982007
949  133.24378068587976
950  109.4112110370479
951  192.70042769721476
952  223.80592844160856
953  333.67931081622373
954  119.64627053812728
955  144.25018841194105
956  109.15281072123616
957  252.7067725676461
958  231.53832414234057
959  109.21643974316248
960  109.5344067455444
961  109.74759731949598
962  109.08410166861722
963  668.3516820970108
